ageinterval,numalivebint,numdeadint
0-1,"100,000",2593
5-Jan,"97,407",409
10-May,"96,998",233
15-Oct,"96,765",214
15-20,"96,551",440
20-25,"96,111",594
25-30,"95,517",612
30-35,"94,905",761
35-40,"94,144",1080
40-45,"93,064",1686
45-50,"91,378",2622
50-55,"88,756",4045
55-60,"84,711",5644
60-65,"79,067",7920
65-70,"71,147",10290
70-75,"60,857",12687
75-80,"4,170",14594
80-85,"33,576",15034
85ovr,"18,542",18542